Andesine (An37)
[lattice]
Fitzgerald et al. Am. Min. 71,1399-1408,1986
Triclinic
8.179  12.880  7.112
93.44 116.21 90.23
1.528	1.533	1.539
alpha	x	0
beta	y	0
[elasticity]
Brown et al., 2016 J. Geophys. Res
Triclinic
2670
96.20   46.10   38.40    5.90   -0.20   -0.40
46.10  189.40   15.40   -7.00   -4.80   -6.80
38.40   15.40  171.90    2.20    7.20   -9.80
5.90   -7.00    2.20   23.60   -1.10   -4.80
-0.20   -4.80    7.20   -1.10   33.10    1.40
-0.40   -6.80   -9.80   -4.80    1.40   35.50