Oligoclase (An25)
[lattice]
Phillips et al. Z.Kristall 133,43-65,1971
Triclinic
8.154  12.823  7.139
94.06 116.50 88.59
1.528	1.533	1.539
alpha	x	0
beta	y	0
[elasticity]
Brown et al., 2016 J. Geophys. Res
Triclinic
2650
87.10   43.90   35.40    6.10   -0.40   -0.60
43.90  174.90   18.00   -5.90   -2.90   -6.50
35.40   18.00  166.10   -2.90    4.60  -10.70
6.10   -5.90   -2.90   22.90   -1.30   -5.20
-0.40   -2.90    4.60   -1.30   29.00    0.80
-0.60   -6.50  -10.70   -5.20    0.80   35.00