Talc (c1, triclinic), P=0.87 GPa
[lattice]
Mainprice et al., 2008
Triclinic
5.2760	9.1496	9.2574
90.322	99.504	90.183
1.55 1.594   1.6
alpha    x	99
beta y	99
[elasticity]
Mainprice et al., 2008
Triclinic
2783
206.22	 53.08	  6.79	 -1.55	-33.16	 -1.02
 53.08	223.48	 10.66	  2.12	-14.85	  0.15
  6.79	 10.66	 78.00	  2.62	 -9.52	 -5.23
 -1.55	  2.12	  2.62	 32.52	 -5.80	 -7.36
-33.16	-14.85	 -9.52	 -5.80	 31.22	 -3.11
 -1.02	  0.15	 -5.23	 -7.36	 -3.11	 79.12
