Talc_c1_triclinic_P11.6GPa
[lattice]
Mainprice et al., 2008
Triclinic
5.1052	8.8629	8.6948
90.171	101.029	90.313
1.55 1.594   1.6
alpha    x	99
beta y	99
[elasticity]
Mainprice et al., 2008
Triclinic
2783
229.97	 71.42	 55.90	 -1.56	-13.03	  5.89
 71.42	226.78	 61.36	  6.44	 -2.27	  8.92
 55.90	 61.36	193.66	  7.21	 -7.42	 -2.63
 -1.56	  6.44	  7.21	 76.75	 -8.62	 -1.36
-13.03	 -2.27	 -7.42	 -8.62	 69.77	 -1.25
  5.89	  8.92	 -2.63	 -1.36	 -1.25	 78.82
