Talc (c1, triclinic)*, P=3.89 GPa
[lattice]
Mainprice et al., 2008
Triclinic
5.2227	9.0612	9.0216
90.299	100.110	90.286
1.55 1.594   1.6
alpha    x	99
beta y	99
[elasticity]
Mainprice et al., 2008
Triclinic
2783
207.57	 48.59	 21.63	 -0.95	-26.29	  2.24
 48.59	214.28	 25.42	  5.32	 -8.12	  5.56
 21.63	 25.42	120.06	  7.39	 -5.12	 -8.08
 -0.95	  5.32	  7.39	 48.68	 -9.89	 -6.78
-26.29	 -8.12	 -5.12	 -9.89	 40.68	 -4.07
  2.24	  5.56	 -8.08	 -6.78	 -4.07	 79.12
