Talc (c1, triclinic), P=5.9 GPa
[lattice]
Mainprice et al., 2008
Triclinic
5.1869	9.0050	8.9149
90.340	100.611	90.330
1.55 1.594   1.6
alpha    x	99
beta y	99
[elasticity]
Mainprice et al., 2008
Triclinic
2783
211.00	 52.77	 27.39	 -0.58	-22.22	  3.52
 52.77	212.71	 34.22	  6.84	 -1.72	  5.29
 27.39	 34.22	136.17	  7.75	 -1.15	 -5.65
 -0.58	  6.84	  7.75	 57.80	-10.65	 -4.29
-22.22	 -1.72	 -1.15	-10.65	 47.77	 -2.56
  3.52	  5.29	 -5.65	 -4.29	 -2.56	 80.69
