Talc (c1, triclinic)*, P=7.89 GPa
[lattice]
Mainprice et al., 2008
Triclinic
5.1561	8.9541	8.8262
90.290	100.826	90.343
1.55 1.594   1.6
alpha    x	99
beta y	99
[elasticity]
Mainprice et al., 2008
Triclinic
2783
219.91	 61.45	 38.42	  0.22	-19.58	  4.87
 61.45	220.55	 46.45	  7.56	 -3.73	  6.85
 38.42	 46.45	162.38	  9.92	 -5.58	 -4.09
  0.22	  7.56	  9.92	 66.42	 -9.97	 -3.85
-19.58	 -3.73	 -5.58	 -9.97	 56.92	 -1.49
  4.87	  6.85	 -4.09	 -3.85	 -1.49	 80.80
