Talc (c1, triclinic)*, P=9.71 GPa
[lattice]
Mainprice et al., 2008
Triclinic
5.1307	8.9074	8.7578
90.225	100.941	90.331
1.55 1.594   1.6
alpha    x	99
beta y	99
[elasticity]
Mainprice et al., 2008
Triclinic
2783
227.45	 66.21	 49.30	 -0.42	-16.11	  5.61
 66.21	221.95	 50.30	  8.53	 -2.72	  7.68
 49.30	 50.30	170.98	  8.83	 -7.41	 -3.61
 -0.42	  8.53	  8.83	 71.62	 -9.87	 -2.20
-16.11	 -2.72	 -7.41	 -9.87	 63.62	 -0.81
  5.61	  7.68	 -3.61	 -2.20	 -0.81	 80.68
