Talc (c1, triclinic)*, P=1.96 GPa
[lattice]
Mainprice et al., 2008
Triclinic
5.2561	9.1194	9.1633
90.359	99.941	90.241
1.55 1.594   1.6
alpha    x	99
beta y	99
[elasticity]
Mainprice et al., 2008
Triclinic
2783
211.08	 55.45	 11.98	 -1.67	-29.98	  0.51
 55.45	217.63	 13.92	  3.79	-10.85	  1.98
 11.98	 13.92	 99.43	  3.49	 -5.95	 -5.99
 -1.67	  3.79	  3.49	 41.45	 -9.08	 -6.75
-29.98	-10.85	 -5.95	 -9.08	 32.97	 -3.25
  0.51	  1.98	 -5.99	 -6.75	 -3.25	 80.68
